1000
1001
1004
1005
1011
1013
1016
1017
1023
1027
1031
1034
1036
1038
1039
1040
1043
1044
1045
1050
1051
1054
1055
1056
1059
1066
1067
1070
1072
1074
1075
1078
1081
1082
1088
1091
1093
1095
1098
1099
1100
1104
1111
1112
1113
1115
1117
1118
1120
1121
1122
1124
1128
1133
1135
1137
1145
1150
1151
1153
1156
1157
1159
1161
1164
1169
1171
1173
1175
1180
1181
1182
1186
1196
1201
1203
1208
1209
1210
1211
1212
1213
1214
1215
1218
1219
1220
1221
1226
1227
1230
1234
1235
1236
1238
1239
1240
1243
1244
1246
1247
1248
1254
1255
1263
1266
1269
1279
1281
1284
1288
1289
1291
1294
1295
1300
1302
1304
1305
1308
1309
1311
1313
1314
1315
1318
1322
1323
1324
1325
1327
1343
1346
1347
1351
1356
1358
1359
1362
1365
1366
1369
1373
1377
1379
1380
1382
1386
1387
1391
1392
1393
1394
1408
1409
1410
1411
1412
1415
1420
1425
1427
1430
1434
1439
1440
1441
1446
1456
1462
1463
1464
1466
1468
1472
1475
1478
1481
1482
1485
1488
1494
1495
1497
1498
1500
1501
1508
1510
1513
1516
1517
1523
1528
1529
1531
1532
1533
1536
1537
1542
1543
1544
1546
1547
1552
1554
1555
1559
1562
1567
1568
1571
1572
1573
1577
1578
1580
1581
1585
1587
1589
1593
1597
1598
1599
1602
1608
1609
1610
1612
1613
1614
1625
1628
1630
1632
1633
1634
1635
1638
1641
1643
1644
1645
1647
1649
1651
1652
1653
1655
1659
1661
1663
1664
1665
1666
1669
1671
1672
1675
1676
1677
1678
1682
1683
1686
1690
1692
1694
1699
1701
1704
1706
1707
1709
1711
1712
1720
1721
1722
1724
1728
1734
1743
1748
1750
1752
1755
1756
1757
1761
1766
1767
1773
1780
1783
1784
1786
1787
1788
1789
1793
1794
1795
1796
1802
1803
1805
1812
1813
1820
1823
1825
1833
1843
1848
1849
1854
1858
1860
1864
1865
1866
1870
1871
1872
1876
1877
1878
1880
1884
1888
1891
1893
1894
1900
1901
1903
1905
1906
1913
1914
1915
1916
1917
1918
1919
1920
1921
1922
1923
1926
1927
1932
1933
1936
1937
1939
1940
1941
1945
1955
1958
1960
1964
1965
1968
1970
1971
1974
1975
1976
1979
1981
1987
1988
1989
1990
1992
1995
2006
2008
2009
2012
2013
2034
2037
2039
2040
2043
2044
2045
2048
2049
2052
2053
2054
2055
2058
2059
2061
2062
2063
2064
2065
2066
2067
2068
2072
2073
2075
2076
2077
2080
2086
2088
2095
2101
2104
2108
2111
2114
2120
2124
2125
2129
2132
2133
2136
2137
2144
2146
2150
2151
2154
2163
2169
2172
2173
2175
2176
2181
2182
2183
2184
2190
2193
2196
2197
2198
2199
2201
2208
2212
2213
2216
2218
2219
2220
2225
2226
2237
2239
2246
2252
2255
2259
2260
2263
2265
2267
2269
2270
2271
2272
2278
2282
2284
2285
2286
2288
2289
2290
2293
2294
2295
2299
2306
2308
2310
2312
2322
2328
2331
2333
2336
2337
2339
2342
2345
2346
2352
2354
2356
2361
2362
2363
2367
2368
2371
2372
2374
2375
2385
2388
2389
2390
2392
2398
2403
2405
2408
2410
2416
2418
2420
2424
2425
2426
2434
2435
2436
2437
2439
2440
2444
2448
2452
2455
2457
2459
2461
2465
2471
2473
2478
2479
2480
2491
2496
2497
2498
2503
2504
2509
2516
2517
2518
2522
2524
2526
2527
2529
2531
2536
2537
2538
2542
2545
2546
2550
2553
2556
2560
2561
2562
2564
2567
2569
2570
2573
2574
2577
2578
2581
2583
2589
2590
2593
2596
2598
2600
2602
2604
2605
2611
2615
2616
2617
2621
2622
2628
2630
2633
2634
2635
2640
2646
2650
2653
2659
2661
2663
2664
2670
2677
2685
2688
2689
2694
2695
2696
2697
2698
2702
2706
2710
2718
2720
2721
2722
2729
2737
2738
2740
2744
2745
2749
2751
2758
2759
2761
2762
2764
2765
2770
2771
2773
2775
2780
2781
2787
2788
2789
2792
2796
2797
2801
2802
2803
2806
2807
2812
2815
2817
2818
2820
2822
2827
2828
2829
2830
2834
2839
2845
2846
2847
2856
2858
2859
2860
2870
2872
2874
2878
2881
2884
2888
2891
2892
2895
2898
2899
2901
2904
2909
2917
2920
2921
2930
2932
2938
2939
2940
2942
2949
2950
2952
2953
2960
2964
2965
2971
2973
2975
2986
2987
2989
2990
2991
2993
2997
2998
2999
3003
3004
3007
3009
3011
3012
3013
3014
3015
3016
3017
3022
3026
3028
3030
3031
3036
3045
3046
3047
3051
3053
3060
3062
3063
3072
3074
3078
3080
3084
3087
3090
3091
3093
3094
3096
3097
3098
3101
3103
3105
3107
3108
3110
3112
3113
3116
3117
3120
3121
3122
3125
3129
3133
3135
3138
3142
3144
3146
3153
3154
3157
3158
3164
3169
3170
3172
3173
3176
3177
3180
3185
3189
3190
3200
3203
3205
3208
3211
3212
3216
3219
3224
3226
3227
3235
3237
3239
3246
3248
3249
3255
3257
3265
3268
3271
3273
3275
3276
3277
3278
3280
3282
3283
3284
3289
3291
3294
3297
3298
3300
3301
3308
3309
3310
3311
3312
3315
3325
3333
3336
3341
3342
3352
3353
3354
3356
3358
3359
3362
3366
3368
3371
3375
3376
3382
3384
3386
3389
3390
3391
3393
3394
3396
3398
3400
3402
3411
3413
3415
3416
3422
3424
3426
3427
3433
3439
3440
3444
3445
3446
3454
3460
3464
3465
3468
3469
3470
3471
3473
3478
3481
3485
3486
3489
3491
3492
3493
3494
3497
3498
3499
3502
3504
3505
3506
3511
3512
3518
3520
3521
3522
3524
3525
3526
3528
3530
3532
3535
3544
3548
3551
3556
3557
3558
3565
3566
3567
3568
3570
3571
3572
3574
3578
3580
3586
3589
3594
3595
3598
3602
3604
3607
3609
3610
3612
3613
3618
3619
3622
3624
3637
3639
3642
3644
3645
3647
3650
3654
3657
3658
3659
3662
3666
3670
3671
3673
3674
3675
3680
3683
3686
3687
3691
3695
3698
3700
3702
3703
3705
3707
3708
3711
3712
3715
3721
3729
3730
3733
3734
3735
3736
3742
3747
3748
3749
3750
3752
3753
3755
3756
3758
3760
3761
3765
3769
3772
3775
3778
3784
3785
3786
3787
3793
3794
3796
3798
3804
3805
3806
3807
3808
3813
3818
3821
3824
3828
3835
3837
3840
3841
3844
3846
3847
3849
3851
3855
3857
3858
3863
3864
3868
3869
3874
3882
3883
3885
3886
3887
3888
3889
3892
3893
3894
3897
3901
3902
3903
3905
3911
3916
3917
3918
3925
3927
3928
3929
3930
3935
3936
3938
3939
3940
3942
3944
3945
3946
3949
3950
3955
3959
3961
3962
3964
3965
3966
3967
3968
3969
3971
3975
3976
3980
3982
3984
3987
3990
3992
3998
4000
4001
4003
4005
4011
4012
4013
4016
4021
4022
4024
4029
4034
4036
4040
4044
4047
4048
4050
4053
4055
4056
4058
4060
4062
4066
4068
4069
4071
4073
4076
4077
4078
4082
4084
4087
4088
4091
4093
4094
4100
4101
4103
4105
4108
4109
4110
4113
4114
4115
4117
4124
4126
4127
4128
4134
4135
4137
4140
4141
4145
4147
4152
4153
4154
4156
4157
4159
4160
4162
4174
4178
4179
4186
4188
4189
4191
4194
4199
4204
4205
4207
4208
4209
4213
4216
4220
4222
4223
4225
4227
4232
4234
4236
4238
4240
4241
4242
4243
4244
4245
4248
4249
4250
4251
4252
4253
4258
4269
4273
4274
4275
4276
4279
4280
4284
4289
4295
4300
4301
4305
4310
4312
4314
4316
4318
4320
4321
4322
4323
4326
4327
4329
4330
4331
4340
4341
4348
4351
4355
4356
4358
4363
4367
4371
4372
4374
4381
4383
4384
4388
4390
4394
4395
4399
4401
4402
4404
4413
4417
4418
4421
4422
4423
4426
4430
4433
4434
4435
4436
4439
4443
4447
4448
4449
4450
4452
4453
4454
4455
4456
4457
4458
4460
4462
4468
4471
4474
4475
4476
4479
4487
4488
4494
4497
4498
4503
4506
4510
4512
4517
4521
4523
4526
4530
4535
4536
4538
4540
4546
4550
4554
4556
4560
4566
4569
4570
4573
4579
4585
4592
4594
4598
4600
4603
4608
4609
4611
4612
4618
4619
4622
4623
4628
4630
4632
4635
4641
4643
4644
4645
4646
4668
4672
4675
4692
4703
4719
4746
4747
4750
4754
4759
4762
4766
4770
4771
4779
4780
4787
4790
4791
4801
4802
4806
4807
4809
4817
4818
4819
4821
4826
4830
4833
4834
4835
4838
4839
4841
4843
4844
4847
4850
4860
4864
4867
4868
4869
4872
4873
4876
4881
4883
4892
4895
4900
4903
4906
4908
4909
4910
4911
4914
4916
4918
4920
4922
4924
4926
4929
4931
4936
4941
4944
4947
4948
4950
4951
4954
4958
4961
4962
4965
4969
4972
4975
4977
4985
4988
4990
4992
4993
4994
4995
4996
4997
4998
5004
5009
5012
5013
5014
5018
5020
5023
5025
5031
5032
5036
5037
5038
5046
5047
5050
5060
5061
5063
5064
5066
5067
5070
5071
5073
5074
5076
5079
5083
5084
5086
5087
5088
5106
5108
5109
5114
5116
5120
5121
5122
5124
5125
5129
5130
5134
5137
5139
5141
5142
5144
5145
5148
5151
5154
5156
5160
5161
5163
5164
5169
5172
5175
5178
5179
5180
5181
5182
5185
5187
5188
5189
5190
5192
5194
5195
5196
5197
5200
5210
5211
5217
5218
5221
5229
5230
5231
5234
5237
5241
5243
5244
5245
5247
5250
5252
5254
5256
5258
5259
5260
5261
5265
5267
5268
5270
5272
5273
5275
5277
5279
5282
5283
5284
5285
5286
5294
5303
5306
5308
5314
5316
5323
5328
5330
5334
5337
5338
5339
5340
5341
5345
5347
5348
5350
5351
5354
5358
5361
5367
5368
5369
5373
5374
5376
5378
5379
5380
5381
5382
5389
5390
5391
5392
5396
5397
5399
5402
5410
5413
5416
5419
5420
5422
5429
5430
5435
5439
5441
5442
5445
5451
5453
5455
5460
5462
5464
5465
5468
5471
5476
5480
5483
5485
5486
5492
5493
5496
5499
5506
5507
5518
5520
5523
5526
5530
5532
5535
5536
5539
5541
5542
5544
5546
5550
5551
5554
5555
5559
5560
5561
5563
5566
5567
5568
5569
5572
5573
5574
5575
5578
5580
5581
5584
5586
5588
5589
5590
5592
5593
5594
5597
5598
5600
5602
5605
5606
5608
5612
5613
5620
5625
5626
5629
5630
5639
5640
5642
5643
5649
5654
5657
5658
5660
5662
5666
5667
5671
5672
5675
5680
5682
5686
5690
5691
5693
5694
5699
5701
5705
5708
5709
5712
5716
5718
5722
5723
5725
5729
5731
5732
5738
5742
5745
5750
5754
5757
5758
5760
5762
5764
5766
5768
5771
5774
5775
5776
5778
5780
5781
5782
5783
5787
5788
5790
5791
5792
5794
5798
5799
5800
5801
5802
5803
5812
5813
5814
5817
5824
5825
5826
5828
5831
5833
5836
5839
5840
5841
5842
5848
5853
5855
5856
5860
5865
5868
5869
5870
5871
5872
5873
5877
5878
5885
5886
5889
5898
5901
5902
5903
5907
5918
5924
5928
5938
5940
5946
5950
5951
5954
5957
5959
5961
5964
5966
5968
5969
5970
5972
5974
5975
5978
5980
5984
5986
5987
5992
5994
6001
6003
6004
6008
6013
6020
6026
6034
6035
6036
6038
6039
6041
6042
6043
6045
6053
6057
6066
6069
6073
6074
6078
6079
6080
6081
6083
6096
6097
6099
6102
6104
6107
6108
6109
6110
6111
6113
6114
6116
6128
6132
6134
6135
6136
6145
6147
6148
6150
6151
6152
6153
6159
6162
6169
6171
6172
6173
6176
6177
6179
6180
6183
6192
6194
6195
6196
6204
6207
6210
6212
6216
6218
6223
6226
6230
6238
6242
6243
6249
6251
6255
6258
6260
6266
6267
6268
6269
6271
6272
6276
6279
6285
6287
6291
6294
6296
6297
6298
6301
6303
6304
6308
6309
6310
6311
6314
6316
6319
6320
6323
6326
6327
6330
6331
6334
6335
6338
6347
6350
6353
6357
6359
6361
6362
6364
6367
6370
6372
6375
6376
6379
6381
6383
6384
6386
6387
6389
6393
6394
6399
6402
6403
6404
6408
6409
6410
6414
6416
6423
6425
6426
6427
6431
6433
6434
6435
6438
6449
6450
6453
6456
6461
6462
6463
6468
6469
6470
6471
6472
6475
6477
6479
6486
6492
6495
6496
6497
6498
6502
6503
6504
6507
6508
6509
6513
6515
6516
6517
6519
6521
6523
6527
6528
6529
6532
6533
6534
6541
6543
6547
6550
6552
6556
6557
6565
6566
6568
6571
6572
6573
6574
6583
6584
6587
6589
6590
6592
6594
6596
6598
6603
6610
6611
6617
6618
6620
6623
6627
6629
6635
6637
6638
6639
6645
6646
6648
6649
6651
6652
6659
6660
6667
6669
6670
6671
6678
6679
6686
6687
6690
6701
6702
6703
6707
6708
6714
6715
6716
6722
6723
6725
6727
6729
6730
6731
6732
6733
6734
6737
6743
6745
6746
6756
6757
6761
6765
6768
6769
6774
6776
6777
6778
6780
6785
6787
6788
6794
6796
6797
6799
6801
6802
6803
6807
6809
6810
6811
6815
6818
6819
6821
6824
6825
6828
6829
6830
6831
6834
6835
6836
6837
6839
6840
6841
6845
6846
6847
6848
6849
6856
6858
6859
6861
6864
6865
6867
6868
6872
6874
6876
6877
6878
6882
6883
6885
6891
6893
6896
6900
6901
6904
6905
6908
6909
6910
6913
6914
6915
6919
6920
6922
6932
6934
6935
6936
6937
6941
6944
6946
6947
6948
6952
6963
6977
6979
6980
6982
6986
6989
6990
6994
6995
6998
6999
7000
7007
7008
7013
7015
7017
7022
7024
7037
7040
7044
7045
7046
7049
7055
7061
7064
7066
7068
7069
7070
7076
7077
7078
7082
7085
7087
7088
7089
7090
7099
7105
7106
7107
7108
7112
7113
7116
7118
7119
7120
7123
7124
7127
7129
7131
7132
7135
7136
7137
7139
7141
7145
7146
7154
7155
7156
7158
7159
7160
7161
7162
7163
7166
7168
7170
7171
7173
7174
7176
7177
7180
7181
7182
7183
7185
7186
7189
7190
7191
7195
7196
7200
7203
7205
7206
7208
7211
7219
7221
7227
7228
7229
7230
7235
7239
7241
7242
7244
7245
7248
7250
7251
7254
7257
7260
7262
7266
7268
7275
7276
7280
7281
7290
7291
7292
7295
7296
7297
7298
7299
7309
7316
7318
7319
7320
7325
7326
7327
7328
7329
7330
7331
7332
7340
7341
7343
7345
7346
7352
7363
7364
7366
7368
7371
7372
7373
7380
7382
7384
7394
7395
7399
7401
7407
7408
7409
7410
7412
7413
7415
7416
7420
7424
7435
7437
7438
7444
7454
7457
7459
7466
7468
7469
7475
7478
7479
7481
7484
7485
7486
7487
7490
7495
7496
7502
7504
7505
7506
7508
7521
7522
7523
7526
7531
7534
7536
7537
7546
7549
7554
7555
7556
7557
7558
7560
7561
7566
7574
7578
7585
7587
7588
7591
7595
7604
7609
7616
7617
7618
7620
7624
7626
7629
7632
7635
7636
7637
7640
7643
7646
7648
7651
7656
7658
7661
7662
7668
7672
7674
7675
7679
7682
7685
7686
7687
7691
7692
7696
7697
7698
7701
7702
7707
7718
7720
7721
7724
7725
7727
7733
7734
7738
7739
7741
7742
7744
7749
7750
7754
7759
7762
7764
7772
7773
7776
7777
7778
7780
7781
7784
7786
7792
7799
7807
7809
7810
7814
7815
7816
7820
7821
7823
7824
7828
7835
7837
7838
7842
7845
7849
7853
7856
7862
7866
7870
7873
7875
7881
7882
7883
7884
7885
7889
7891
7892
7898
7901
7902
7903
7904
7906
7912
7916
7917
7918
7921
7922
7923
7925
7929
7932
7936
7937
7938
7949
7950
7951
7952
7954
7955
7960
7964
7966
7968
7970
7971
7974
7977
7984
7985
7988
7990
7991
7992
7993
8001
8002
8004
8006
8009
8012
8014
8015
8016
8017
8020
8022
8025
8030
8033
8034
8035
8042
8044
8046
8047
8048
8049
8050
8057
8062
8068
8073
8075
8079
8084
8087
8091
8092
8094
8098
8099
8101
8105
8109
8113
8115
8121
8123
8124
8127
8128
8133
8134
8136
8145
8146
8147
8151
8154
8158
8160
8162
8163
8164
8169
8179
8181
8184
8188
8189
8193
8194
8195
8197
8198
8199
8203
8204
8205
8208
8210
8213
8214
8215
8219
8224
8227
8229
8235
8236
8241
8244
8247
8248
8253
8257
8258
8263
8264
8266
8268
8269
8272
8277
8279
8280
8281
8283
8284
8285
8286
8288
8293
8304
8306
8312
8315
8318
8319
8320
8324
8325
8329
8334
8337
8341
8342
8343
8345
8347
8348
8350
8352
8358
8359
8361
8365
8367
8370
8371
8373
8376
8378
8384
8386
8387
8395
8396
8398
8400
8402
8403
8406
8407
8412
8415
8416
8417
8423
8427
8430
8434
8440
8452
8455
8458
8460
8461
8463
8465
8468
8469
8470
8475
8476
8477
8479
8486
8488
8496
8499
8501
8502
8510
8512
8513
8514
8517
8523
8530
8532
8533
8536
8539
8542
8543
8544
8545
8546
8549
8550
8551
8557
8558
8559
8565
8569
8570
8572
8580
8581
8582
8592
8593
8594
8596
8598
8599
8606
8607
8615
8618
8619
8621
8626
8627
8629
8631
8633
8637
8638
8640
8642
8643
8644
8645
8647
8649
8650
8655
8658
8661
8663
8667
8682
8684
8687
8689
8692
8694
8697
8699
8701
8706
8708
8709
8711
8713
8714
8717
8726
8730
8740
8741
8746
8750
8755
8756
8759
8762
8767
8770
8771
8783
8792
8804
8807
8810
8819
8820
8823
8826
8827
8828
8829
8830
8832
8833
8835
8836
8838
8839
8846
8850
8852
8853
8856
8858
8859
8862
8863
8864
8866
8867
8872
8873
8875
8881
8885
8886
8889
8892
8893
8895
8896
8901
8902
8904
8909
8912
8914
8917
8925
8926
8937
8942
8943
8947
8948
8949
8957
8958
8960
8964
8965
8966
8967
8968
8972
8973
8974
8975
8989
8991
8992
8998
9000
9002
9004
9005
9008
9009
9010
9013
9015
9016
9019
9023
9025
9027
9031
9036
9041
9051
9055
9056
9057
9058
9059
9063
9069
9074
9077
9080
9082
9092
9098
9103
9105
9110
9112
9113
9114
9117
9118
9120
9121
9124
9125
9126
9127
9132
9134
9136
9139
9140
9143
9147
9149
9153
9155
9157
9165
9168
9170
9171
9173
9178
9180
9183
9186
9187
9194
9195
9196
9197
9203
9204
9215
9216
9217
9218
9223
9225
9226
9229
9232
9233
9234
9236
9237
9242
9243
9248
9253
9258
9260
9261
9266
9268
9269
9277
9280
9282
9284
9285
9286
9287
9292
9293
9295
9296
9297
9298
9299
9301
9302
9308
9311
9312
9313
9316
9320
9324
9325
9327
9331
9332
9335
9336
9338
9339
9340
9341
9345
9350
9352
9356
9357
9359
9361
9366
9369
9370
9371
9372
9377
9381
9383
9384
9386
9388
9392
9394
9395
9397
9399
9402
9403
9404
9405
9406
9408
9411
9413
9414
9415
9416
9422
9423
9426
9428
9429
9430
9433
9436
9437
9439
9444
9445
9448
9451
9456
9458
9459
9462
9463
9465
9466
9471
9472
9473
9477
9483
9484
9487
9495
9500
9502
9507
9509
9511
9514
9517
9522
9523
9526
9529
9530
9534
9538
9539
9540
9541
9542
9545
9548
9549
9551
9553
9554
9555
9556
9557
9560
9562
9563
9565
9567
9580
9581
9582
9586
9590
9594
9595
9599
9602
9608
9611
9614
9616
9618
9619
9620
9623
9629
9630
9634
9635
9640
9643
9648
9649
9655
9659
9660
9664
9667
9670
9672
9680
9682
9683
9684
9690
9692
9696
9697
9698
9699
9700
9703
9705
9708
9709
9715
9716
9717
9718
9719
9722
9723
9725
9728
9731
9734
9735
9737
9738
9740
9741
9742
9744
9751
9752
9754
9755
9756
9757
9759
9761
9768
9769
9770
9771
9772
9773
9775
9776
9777
9778
9781
9788
9789
9793
9796
9804
9810
9811
9812
9815
9818
9819
9822
9823
9825
9826
9831
9837
9841
9846
9849
9850
9857
9861
9867
9872
9878
9882
9883
9889
9890
9896
9897
9898
9899
9903
9904
9916
9918
9919
9920
9921
9922
9925
9928
9929
9930
9932
9934
9937
9938
9944
9946
9947
9955
9962
9963
9965
9966
9967
9968
9969
9975
9977
9981
9984
9988
9989
9990
9994
9996
9999
10000
10001
10002
10003
10004
10006
10007
10008
10009
10010
10012
10014
10016
10017
10021
10029
10030
10031
10033
10036
10037
10039
10041
10044
10045
10049
10052
10054
10056
10060
10066
10067
10068
10071
10074
10075
10076
10081
10085
10088
10089
10090
10093
10095
10097
10099
10106
10107
10108
10109
10115
10116
10120
10124
10128
10129
10131
10132
10134
10135
10143
10147
10150
10152
10153
10156
10159
10162
10163
10171
10173
10176
10178
10182
10183
10184
10185
10188
10190
10191
10192
10193
10195
10197
10198
10200
10206
10207
10208
10211
10212
10213
10221
10224
10227
10228
10232
10236
10238
10243
10246
10247
10248
10251
10252
10253
10255
10257
10261
10262
10265
10266
10269
10270
10271
10276
10277
10280
10282
10284
10286
10290
10297
10298
10301
10304
10305
10306
10312
10316
10320
10321
10323
10325
10326
10329
10334
10345
10349
10353
10357
10359
10360
10362
10364
10369
10370
10371
10372
10373
10379
10380
10382
10383
10385
10386
10388
10390
10391
10393
10402
10403
10404
10405
10407
10411
10413
10419
10420
10422
10425
10426
10440
10441
10443
10445
10453
10455
10456
10457
10458
10466
10473
10480
10482
10498
10499
10501
10503
10510
10516
10517
10518
10519
10530
10535
10537
10538
10540
10541
10549
10550
10552
10553
10558
10560
10561
10565
10567
10572
10574
10576
10578
10579
10580
10581
10582
10585
10588
10593
10597
10608
10609
10611
10612
10615
10617
10618
10621
10625
10631
10638
10640
10641
10642
10648
10649
10652
10663
10668
10671
10672
10673
10685
10688
10691
10692
10697
10703
10707
10717
10719
10722
10723
10726
10730
10731
10732
10735
10740
10741
10743
10744
10747
10751
10754
10755
10756
10757
10758
10759
10760
10761
10767
10769
10770
10777
10786
10787
10788
10789
10790
10793
10795
10798
10800
10801
10802
10803
10805
10809
10811
10813
10816
10818
10822
10824
10830
10837
10839
10840
10841
10843
10845
10846
10847
10848
10855
10859
10860
10867
10869
10873
10878
10880
10881
10884
10885
10888
10899
10902
10905
10906
10907
10914
10920
10924
10925
10930
10935
10938
10943
10949
10950
10952
10956
10960
10962
10964
10966
10967
10969
10972
10974
10975
10976
10981
10983
10984
10989
10990
10991
10993
10997
10999
11001
11002
11003
11006
11008
11012
11014
11017
11019
11024
11025
11027
11030
11031
11032
11038
11039
11040
11042
11050
11051
11052
11055
11056
11059
11060
11061
11062
11063
11064
11065
11066
11069
11077
11079
11083
11084
11085
11088
11091
11093
11094
11096
11098
11099
11101
11102
11105
11113
11114
11115
11117
11118
11124
11125
11129
11130
11131
11132
11134
11135
11138
11139
11142
11145
11148
11151
11152
11155
11163
11175
11178
11181
11182
11184
11185
11191
11196
11199
11205
11206
11208
11213
11215
11221
11224
11226
11227
11228
11229
11234
11236
11241
11242
11243
11244
11249
11252
11254
11257
11259
11260
11261
11262
11264
11266
11271
11273
11274
11276
11277
11278
11280
11282
11283
11284
11285
11286
11288
11291
11295
11296
11297
11300
11302
11303
11304
11306
11310
11312
11313
11314
11315
11316
11317
11323
11324
11327
11328
11333
11336
11338
11343
11345
11347
11351
11364
11366
11368
11371
11373
11376
11379
11383
11385
11386
11389
11391
11396
11397
11399
11407
11410
11412
11419
11429
11433
11436
11446
11450
11453
11454
11455
11456
11458
11459
11462
11465
11466
11467
11475
11477
11480
11483
11484
11485
11489
11491
11494
11499
11500
11501
11502
11503
11506
11507
11509
11511
11515
11517
11519
11521
11522
11531
11533
11534
11535
11537
11538
11550
11554
11557
11558
11559
11564
11565
11566
11568
11570
11573
11577
11580
11584
11585
11587
11588
11597
11600
11601
11602
11605
11609
11613
11614
11615
11618
11619
11620
11621
11636
11641
11646
11647
11648
11649
11653
11654
11657
11660
11669
11670
11672
11673
11678
11679
11682
11685
11690
11691
11694
11702
11703
11713
11720
11721
11722
11727
11728
11745
11747
11748
11750
11753
11754
11763
11764
11768
11775
11781
11791
11792
11794
11796
11798
11800
11803
11805
11806
11808
11809
11810
11811
11814
11823
11824
11827
11828
11829
11832
11833
11867
11868
11872
11877
11902
11903
11904
11908
11910
11915
11919
11920
11921
11922
11923
11925
11926
11928
11934
11937
11941
11943
11946
11947
11949
11960
11965
11966
11967
11968
11969
11971
11974
11976
11985
11987
11988
11993
12026
12039
12040
12041
12042
12045
12046
12047
12048
12051
12053
12058
12060
12073
12074
12075
12076
12077
12078
12089
12090
12091
12096
12100
12102
12103
12106
12113
12120
12121
12123
12127
12129
12133
12136
12139
12141
12142
12145
12146
12151
12154
12159
12160
12162
12165
12168
12169
12171
12180
12181
12187
12189
12193
12199
12200
12201
12204
12206
12208
12212
12214
12215
12216
12217
12219
12222
12224
12230
12232
12233
12236
12238
12239
12244
12248
12250
12252
12254
12255
12260
12262
12265
12266
12269
12274
12275
12276
12277
12284
12285
12293
12294
12304
12305
12307
12309
12316
12321
12323
12326
12327
12330
12331
12332
12335
12337
12338
12339
12342
12344
12346
12349
12350
12352
12355
12358
12360
12374
12375
12377
12379
12380
12381
12382
12384
12388
12389
12390
12392
12395
12397
12409
12410
12413
12417
12418
12420
12421
12424
12425
12426
12428
12431
12433
12434
12440
12441
12442
12445
12447
12448
12452
12458
12459
12462
12470
12471
12472
12478
12480
12482
12483
12485
12489
12518
12519
12522
12527
12532
12540
12544
12545
12546
12547
12548
12559
12566
12567
12568
12570
12575
12576
12578
12580
12581
12583
12587
12589
12597
12598
12608
12614
12615
12620
12622
12624
12625
12626
12628
12630
12631
12633
12634
12635
12636
12639
12640
12650
12651
12654
12659
12661
12669
12670
12677
12681
12682
12687
12688
12689
12691
12692
12694
12695
12699
12711
12713
12717
12718
12719
12723
12729
12730
12732
12752
12756
12761
12762
12764
12769
12770
12774
12776
12782
12785
12788
12789
12793
12796
12803
12805
12811
12815
12816
12817
12818
12821
12825
12826
12827
12831
12833
12840
12842
12845
12846
12848
12850
12855
12866
12870
12874
12883
12884
12886
12891
12892
12895
12898
12902
12903
12904
12912
12915
12916
12924
12925
12944
12945
12950
12952
12954
12964
12972
12976
12977
12978
12979
12987
12992
12994
13003
13005
13008
13011
13012
13013
13015
13016
13025
13028
13031
13032
13048
13049
13057
13058
13067
13071
13080
13081
13084
13085
13092
13096
13097
13109
13115
13116
13119
13128
13130
13131
13134
13135
13147
13156
13157
13158
13163
13164
13174
13175
13176
13195
13197
13198
13200
13203
13204
13209
13216
13218
13219
13220
13223
13227
13228
13229
13231
13232
13235
13239
13242
13247
13253
13255
13263
13264
13265
13271
13277
13283
13285
13286
13290
13297
13306
13308
13312
13315
13317
13318
13321
13323
13325
13326
13329
13332
13333
13335
13336
13349
13354
13362
13364
13365
13367
13369
13372
13374
13375
13378
13380
13381
13383
13393
13400
13401
13406
13408
13409
13413
13415
13417
13418
13420
13421
13429
13431
13432
13436
13440
13443
13449
13451
13452
13457
13460
13462
13465
13467
13468
13473
13474
13480
13484
13486
13498
13500
13504
13505
13520
13522
13525
13526
13529
13539
13540
13542
13549
13553
13554
13555
13564
13566
13568
13570
13572
13573
13574
13576
13582
13584
13586
13587
13589
13590
13592
13594
13596
13599
13600
13601
13602
13605
13608
13611
13613
13619
13621
13623
13626
13628
13629
13630
13638
13644
13646
13653
13654
13657
13664
13681
13683
13690
13692
13693
13700
13707
13708
13709
13710
13714
13721
13733
13739
13754
13757
13764
13765
13767
13781
13782
13785
13786
13787
13789
13794
13798
13800
13801
13824
13828
13835
13836
13838
13839
13841
13844
13845
13858
13861
13866
13871
13876
13878
13894
13897
13899
13902
13904
13906
13911
13918
13921
13927
13939
13941
13952
13959
13961
13971
13976
13986
13990
13999
14001
14010
14011
14014
14027
14031
14032
14045
14048
14049
14051
14056
14057
14066
14077
14084
14090
14091
14096
14100
14102
14104
14108
14111
14112
14113
14114
14124
14144
14145
14146
14152
14160
14164
14169
14170
14177
14182
14186
14207
14209
14211
14214
14216
14221
14225
14229
14232
14237
14244
14250
14251
14256
14258
14259
14261
14264
14268
14269
14272
14274
14276
14277
14281
14282
14285
14288
14290
14291
14296
14309
14311
14313
14316
14320
14324
14325
14330
14334
14337
14342
14344
14351
14353
14356
14359
14363
14369
14370
14371
14377
14379
14380
14384
14385
14386
14390
14391
14396
14405
14412
14416
14417
14418
14438
14441
14446
14453
14455
14458
14459
14462
14463
14465
14469
14470
14472
14474
14477
14479
14487
14489
14490
14493
14496
14499
14501
14502
14503
14512
14525
14526
14527
14528
14530
14535
14538
14550
14554
14561
14563
14565
14578
14581
14590
14593
14594
14597
14603
14605
14615
14616
14619
14623
14624
14626
14630
14631
14633
14650
14652
14790
14792
14793
14794
14805
14806
14809
14810
14833
14843
14854
14855
14856
14857
14861
14863
14866
14876
14878
14881
14884
14890
14891
14894
14897
14898
14908
14915
14918
14923
14925
14934
14939
14952
14954
14960
14962
14977
14978
14980
14983
14987
14994
15005
15026
15035
15037
15044
15054
15055
15056
15060
15065
15066
15070
15084
15087
15093
15094
15102
15103
15105
15106
15107
15108
15110
15112
15113
15117
15124
15133
15150
15158
15160
15168
15172
15173
15176
15195
15200
15201
15203
15212
15215
15223
15227
15231
15233
15235
15240
15242
15243
15246
15247
15248
15252
15253
15267
15273
15277
15290
15291
15293
15302
15307
15312
15313
15314
15315
15316
15325
15327
15328
15331
15343
15346
15347
15349
15353
15354
15383
15396
15414
15416
15420
15426
15427
15435
15440
15443
15444
15455
15458
15459
15465
15471
15472
15473
15487
15489
15494
15520
15521
15533
15539
15543
15704
15708
15709
15710
15752
15759
15760
15763
15798
15802
15851
15855
16009
16011
16015
16058
16101
16136
16161
16188
16225
16269
16280
16401
16416
16417
16419
16420
16436
16437
16439
16453
16456
16458
16460
16467
16469
16471
16475
16476
16477
16478
16479
16483
16486
16488
16491
16531
16541
16553
16558
16559
16563
16580
16582
16597
16620
16648
16650
16653
16665
16687
16710
16721
16738
16745
16795
16813
16848
16892
16932
16947
16972
17001
17010
17012
17024
17066
17071
17079
17080
17101
17110
17117
17121
17137
17158
17164
17175
17185
17199
17202
17203
17225
17228
17235
17239
17277
17287
17289
17341
17350
17376
17396
17405
17408
17422
17454
17457
17485
17494
17497
17498
17500
17505
17550
17553
17560
17565
17567
17581
17625
17651
17653
17687
17688
17689
17692
17693
17695
17699
17727
17754
17763
17764
17765
17807
17808
17811
17812
17826
17874
17890
17897
17910
17928
17931
17933
17934
17941
17947
17956
17997
17998
18003
18004
18006
18007
18009
18017
18019
18036
18043
18047
18048
18050
18066
18072
18075
18076
18086
18087
18100
18108
18115
18144
18159
18161
18162
18169
18171
18172
18173
18177
18179
18204
18226
18231
18240
18270
18271
18289
18290
18291
18293
18312
18315
18320
18321
18322
18339
18350
18351
18364
18369
18375
18386
18398
18408
18424
18430
18431
18432
18443
18465
18468
18469
18484
18487
18490
18498
18509
18510
18549
18556
18560
18561
18562
18564
18571
18572
18580
18584
18593
18597
18609
18613
18624
18625
18626
18629
18630
18636
18638
18654
18658
18666
18675
18677
18679
18683
18689
18691
18699
18705
18738
18747
18748
18749
18750
18756
18774
18775
18811
18838
18839
18841
18842
18866
18868
18869
18871
18872
18874
18878
18879
18885
18888
18892
18899
18900
18925
18926
18929
18930
18936
18937
18938
18947
18950
18975
18976
18978
18983
19022
19025
19026
19033
19040
19041
19042
19044
19069
19071
19075
19103
19104
19116
19117
19129
19134
19143
19149
19152
19153
19154
19163
19168
19171
19172
19175
19177
19189
19190
19205
19209
19267
19273
19274
19283
19295
19296
19305
19352
19354
19364
19377
19389
19391
19398
19402
19412
19418
19424
19427
19429
19431
19433
19435
19442
19458
19467
19470
19471
19477
19484
19510
19511
19516
19517
19518
19519
19525
19534
19540
19565
19574
19576
19578
19580
19581
19600
19602
19613
19618
19625
19644
19649
19661
19717
19719
19722
19730
19744
19747
19753
19757
19758
19761
19767
19770
19771
19772
19773
19784
19802
19807
19824
19830
19832
19843
19845
19849
19854
19858
19859
19876
19877
19881
19898
19906
19908
19909
19910
19911
19912
19935
19960
19962
19965
19967
19977
19985
19988
19989
19997
19998
20003
20004
20005
20010
20011
20018
20020
20021
20031
20033
20034
20037
20040
20041
20042
20044
20055
20063
20064
20067
20074
20080
20088
20089
20090
20096
20113
20115
20116
20117
20118
20120
20126
20128
20129
20130
20131
20134
20143
20147
20151
20154
20157
20168
20170
20179
20182
20183
20185
20192
20193
20202
20209
20214
20218
20225
20228
20229
20230
20232
20233
20235
20243
20245
20247
20293
20294
20296
20298
20307
20311
20312
20327
20329
20330
20331
20332
20338
20407
20408
20413
20420
20423
20473
20482
20488
20492
20493
20494
20496
20502
20513
20515
20516
20517
20520
20526
20530
20537
20539
20540
20548
20554
20567
20570
20588
20600
20611
20613
20619
20621
20643
20644
20645
20649
20653
20655
20659
20661
20670
20675
20684
20692
20694
20695
20696
20699
20704
20720
20721
20739
20740
20742
20747
20748
20756
20779
20784
20797
20798
20802
20823
20847
20884
20890
20894
20898
20899
20903
20904
20907
20909
20943
20944
20945
20950
20951
20956
20960
20961
20969
20981
20982
20983
20993
21000
21002
21004
21005
21006
21007
21008
21010
21011
21012
21013
21015
21016
21017
21020
21022
21024
21032
21033
21035
21042
21046
21047
21048
21049
21051
21066
21078
21081
21092
21094
21095
21103
21106
21118
21124
21132
21138
21144
21149
21150
21155
21165
21186
21206
21208
21209
21217
21223
21227
21232
21235
21237
21238
21241
21244
21250
21251
21261
21263
21280
21282
21295
21309
21352
21362
21375
21378
21381
21421
21422
21429
21431
21433
21434
21440
21487
21491
21496
21501
21507
21508
21515
21519
21520
21522
21524
21529
21540
21542
21554
21577
21600
21601
21617
21619
21621
21625
21626
21628
21629
21635
21652
21663
21669
21682
21684
21685
21686
21732
21739
21743
21744
21757
21761
21766
21776
21777
21798
21801
21802
21807
21808
21814
21816
21818
21824
21828
21833
21834
21841
21842
21845
21847
21864
21865
21868
21895
21896
21898
21899
21901
21904
21916
21918
21922
21944
21945
21946
21954
21959
21961
21965
21967
21974
21983
21984
21998
22000
22020
22035
22037
22039
22040
22047
22053
22059
22087
22090
22111
22114
22129
22134
22135
22138
22140
22155
22159
22164
22170
22178
22180
22182
22184
22203
22205
22207
22209
22221
22229
22230
22250
22255
22258
22260
22261
22263
22264
22266
22284
22308
22316
22325
22330
22343
22358
22360
22362
22367
22373
22387
22392
22397
22398
22447
22449
22460
22461
22480
22531
22532
22543
22546
22570
22583
22590
22603
22604
22632
22635
22638
22650
22653
22658
22662
22664
22667
22668
22671
22672
22673
22675
22676
22678
22697
22698
22703
22704
22708
22709
22713
22715
22718
22731
22734
22741
22772
22776
22783
22790
22794
22797
22803
22805
22808
22815
22817
22819
22823
22829
22838
22850
22859
22864
22867
22878
22879
22908
22913
22927
22946
22957
22964
22974
22978
22982
22991
22998
22999
23001
23002
23027
23034
23035
23043
23045
23047
23062
23063
23065
23067
23068
23071
23072
23080
23083
23084
23088
23089
23091
23093
23098
23106
23113
23114
23119
23120
23125
23145
23167
23170
23193
23195
23197
23199
23208
23220
23221
23224
23225
23226
23227
23237
23238
23241
23242
23243
23245
23249
23252
23256
23282
23287
23291
23296
23297
23335
23337
23339
23354
23355
23358
23368
23370
23387
23407
23420
23422
23423
23433
23464
23472
23483
23485
23486
23495
23503
23521
23528
23534
23537
23539
23540
23543
23546
23549
23555
23557
23563
23569
23571
23572
23574
23587
23594
23606
23616
23623
23627
23645
23650
23671
23697
23699
23700
23703
23704
23705
23713
23714
23717
23718
23721
23743
23753
23767
23769
23773
23774
23776
23777
23778
23779
23787
23790
23792
23798
23809
23812
23813
23818
23819
23821
23827
23843
23852
23856
23864
23865
23875
23876
23882
23886
23889
23897
23922
23933
23935
23936
23939
23943
23945
23948
23955
23956
23961
23964
23969
23976
23978
23979
23980
23986
23987
23990
24008
24014
24021
24022
24029
24031
24032
24038
24040
24051
24066
24067
24069
24071
24073
24074
24076
24082
24083
24084
24091
24093
24099
24101
24110
24111
24113
24135
24142
24155
24157
24165
24171
24174
24176
24177
24179
24184
24186
24187
24188
24190
24191
24193
24197
24198
24199
24204
24205
24216
24219
24220
24222
24230
24234
24245
24249
24277
24282
24284
24290
24293
24295
24302
24303
24304
24306
24316
24317
24324
24334
24335
24338
24344
24345
24350
24351
24352
24353
24354
24356
24357
24359
24363
24366
24369
24370
24374
24375
24378
24382
24385
24386
24390
24396
24399
24405
24407
24409
24415
24419
24421
24422
24424
24426
24428
24430
24437
24439
24448
24449
24454
24456
24458
24463
24464
24468
24473
24481
24482
24486
24488
24491
24493
24501
24505
24506
24508
24509
24511
24515
24522
24523
24524
24530
24531
24535
24538
24539
24542
24543
24544
24548
24552
24597
24598
24599
24600
24601
24607
24610
24611
24614
24616
24617
24621
24622
24623
24625
24636
24638
24639
24640
24643
24645
24651
24654
24655
24658
24659
24660
24661
24662
24667
24669
24670
24671
24679
24689
24692
24695
24699
24708
24710
24713
24720
24723
24724
24727
24728
24733
24747
24749
24755
24757
24762
24764
24768
24776
24778
24779
24782
24783
24793
24794
24795
24798
24799
24800
24803
24810
24813
24832
24841
24842
24843
24844
24845
24849
24853
24855
24856
24859
24861
24867
24870
24872
24873
24877
24878
24881
24882
24888
24890
24892
24893
24898
24902
24904
24905
24908
24911
24919
24922
24925
24926
24927
24928
24934
24937
24948
24951
24953
24961
24965
24966
24969
24971
24974
24975
24977
24978
24979
24982
24988
24989
24990
24991
24996
24997
24998
25000
25007
25012
25015
25016
25020
25021
25025
25027
25028
25029
25046
25047
25051
25056
25058
25062
25066
25067
25068
25069
25076
25077
25079
25081
25082
25086
25092
25095
25099
25107
25110
25111
25114
25115
25119
25123
25124
25126
25128
25129
25130
25134
25138
25139
25144
25146
25147
25150
25157
25164
25166
25168
25175
25180
25183
25185
25190
25196
25200
25201
25203
25204
25205
25207
25208
25217
25225
25234
25240
25241
25243
25269
25271
25274
25275
25279
25280
25283
25285
25289
25295
25302
25305
25313
25314
25315
25317
25318
25320
25326
25331
25332
25334
25335
25336
25338
25340
25341
25344
25348
25349
25351
25352
25355
25356
25357
25367
25375
25377
25384
25389
25390
25391
25396
25398
25402
25405
25406
25422
25424
25430
25431
25433
25434
25435
25438
25441
25447
25459
25460
25466
25472
25475
25480
25493
25495
25506
25520
25523
25525
25527
25529
25533
25536
25538
25539
25546
25553
25563
25568
25571
25572
25575
25579
25586
25589
25598
25604
25605
25606
25611
25613
25616
25621
25622
25623
25627
25628
25631
25645
25647
25650
25654
25655
25658
25661
25662
25664
25670
25672
25676
25680
25682
25688
25694
25713
25721
25723
25724
25726
25731
25732
25737
25745
25747
25749
25750
25753
25756
25759
25761
25770
25772
25774
25783
25784
25785
25789
25799
25801
25804
25806
25807
25813
25826
25844
25848
25850
25857
25859
25862
25863
25864
25870
25880
25893
25896
25898
25899
25903
25904
25905
25906
25913
25915
25918
25921
25922
25924
25930
25935
25937
25944
25946
25949
25956
25958
25964
25972
25978
25979
25980
25983
25987
25989
25992
25996
25999
26003
26004
26005
26008
26011
26012
26013
26021
26028
26034
26036
26038
26042
26044
26045
26061
26069
26074
26081
26087
26094
26095
26096
26101
26112
26123
26126
26127
26128
26130
26132
26144
26145
26146
26147
26148
26149
26156
26159
26162
26174
26175
26187
26196
26197
26198
26204
26218
26244
26246
26253
26264
26269
26272
26273
26303
26304
26305
26321
26332
26335
26336
26340
26341
26342
26349
26356
26359
26360
26361
26365
26367
26368
26375
26376
26377
26380
26381
26385
26402
26411
26412
26415
26433
26434
26487
26488
26494
26495
26505
26514
26519
26523
26528
26537
26539
26545
26557
26562
26579
26590
26630
26636
26658
26669
26676
26677
26709
26721
26722
26726
26746
26749
26753
26755
26759
26768
26788
26789
26790
26798
26804
26809
26812
26817
26818
26825
26847
26864
26873
26874
26891
26892
26893
26894
26895
26905
26908
26914
26922
27014
27046
27054
27086
27119
27141
27142
27148
27155
27169
27186
27187
27199
27200
27201
27218
27240
27241
27245
27247
27251
27252
27274
27299
27318
27326
27333
27338
27339
27354
27364
27372
27373
27380
27386
27387
27392
27476
27490
27517
27522
27555
27574
27575
27576
27600
27634
27635
27636
27638
27644
27649
27653
27654
27668
27669
27670
27677
27683
27699
27703
27706
27716
27724
27737
27738
27747
27751
27760
27763
27764
27771
27773
27775
27776
27782
27785
27786
27789
27790
27793
27794
27801
27803
27807
27810
27816
27819
27823
27828
27841
27842
27845
27846
27855
27868
27872
27874
27882
27885
27887
27894
27895
27905
27907
27909
27910
27919
27920
27922
27925
27926
27928
27933
27938
27939
27940
27958
27960
27964
27965
27971
27977
27980
27981
27983
27988
27997
28001
28003
28010
28012
28019
28021
28025
28026
28027
28064
28070
28071
28078
28080
28084
28086
28087
28091
28093
28113
28118
28125
28130
28137
28138
28139
28145
28147
28165
28169
28176
28180
28182
28190
28191
28192
28194
28195
28196
28206
28209
28214
28221
28236
28249
28250
28256
28260
28262
28263
28264
28272
28279
28289
28295
28296
28303
28305
28317
28320
28321
28332
28337
28338
28347
28365
28367
28368
28370
28374
28378
28380
28382
28383
28384
28385
28386
28391
28397
28398
28403
28408
28410
28420
28421
28423
28424
28442
28452
28453
28454
28460
28469
28470
28472
28475
28477
28478
28480
28481
28487
28491
28499
28501
28515
28520
28521
28524
28529
28530
28535
28540
28543
28546
28551
28563
28564
28579
28585
28590
28591
28596
28599
28600
28602
28603
28610
28616
28621
28623
28624
28625
28631
28633
28635
28636
28637
28641
28648
28651
28669
28674
28675
28678
28688
28690
28692
28695
28698
28700
28701
28702
28703
28704
28711
28715
28717
28719
28724
28725
28726
28729
28731
28737
28742
28744
28749
28751
28756
28758
28762
28765
28766
28767
28775
28781
28782
28787
28790
28794
28797
28806
28816
28819
28822
28842
28844
28848
28853
28865
28875
28877
28881
28883
28894
28895
28898
28903
28905
28907
28909
28910
28913
28919
28921
28924
28925
28930
28937
28938
28940
28948
28949
28964
28973
28981
28984
28990
28993
29001
29004
29011
29013
29015
29018
29028
29029
29035
29040
29044
29054
29064
29065
29067
29069
29075
29077
29085
29086
29087
29092
29093
29098
29100
29104
29105
29108
29113
29115
29120
29127
29129
29131
29132
29133
29138
29143
29150
29151
29152
29154
29155
29156
29163
29169
29173
29178
29191
29194
29202
29206
29207
29217
29234
29236
29241
29248
29251
29252
29255
29262
29264
29266
29268
29271
29272
29274
29275
29278
29284
29287
29288
29290
29292
29293
29304
29312
29318
29322
29339
29342
29345
29347
29350
29353
29356
29357
29368
29369
29373
29375
29378
29381
29382
29386
29390
29392
29396
29402
29411
29414
29418
29422
29424
29426
29427
29428
29431
29434
29435
29436
29439
29440
29449
29453
29454
29459
29461
29473
29476
29484
29496
29497
29498
29511
29517
29524
29531
29537
29556
29558
29565
29569
29582
29584
29609
29611
29616
29621
29622
29625
29626
29630
29631
29633
29634
29636
29638
29642
29643
29647
29650
29659
29661
29666
29669
29670
29671
29679
29680
29683
29684
29686
29687
29689
29694
29695
29696
29698
29704
29705
29709
29712
29713
29718
29720
29721
29722
29723
29728
29732
29733
29734
29736
29741
29751
29754
29755
29760
29762
29766
29775
29791
29806
29818
29819
29822
29823
29829
29830
29835
29837
29846
29849
29850
29870
29883
29887
29894
29901
29904
29907
29909
29910
29914
29918
29930
29931
29932
29933
29934
29939
29942
29950
29952
29955
29957
29958
29962
29964
29965
29968
29985
29992
30001
30006
30008
30012
30016
30022
30024
30025
30029
30030
30031
30032
30034
30059
30060
30061
30064
30066
30073
30075
30087
30091
30094
30096
30098
30102
30107
30108
30110
30113
30121
30122
30131
30137
30138
30143
30145
30150
30160
30161
30164
30170
30176
30177
30185
30187
30191
30192
30193
30198
30199
30200
30203
30204
30205
30206
30210
30213
30219
30220
30221
30225
30234
30236
30237
30239
30241
30247
30253
30254
30255
30259
30260
30269
30277
30280
30281
30283
30284
30285
30287
30295
30304
30310
30311
30312
30325
30327
30331
30334
30343
30344
30348
30349
30352
30357
30358
30377
30383
30387
30396
30397
30399
30400
30401
30405
30418
30420
30422
30423
30435
30436
30438
30443
30449
30455
30456
30462
30463
30464
30465
30471
30473
30477
30480
30497
30527
30530
30534
30535
30540
30545
30546
30547
30551
30554
30557
30558
30560
30563
30565
30566
30570
30571
30576
30578
30584
30589
30593
30596
30599
30608
30612
30614
30618
30620
30622
30626
30630
30639
30651
30655
30657
30660
30662
30664
30666
30671
30674
30686
30689
30696
30697
30698
30699
30703
30707
30709
30710
30711
30714
30718
30720
30726
30730
30736
30742
30750
30751
30753
30755
30760
30775
30776
30778
30779
30781
30782
30785
30789
30806
30828
30830
30832
30838
30843
30844
30847
30848
30861
30866
30867
30869
30870
30874
30877
30891
30894
30898
30899
30906
30909
30915
30922
30923
30925
30936
30938
30946
30948
30949
30950
30964
30971
30980
30992
30994
30997
30998
30999
31003
31004
31005
31006
31009
31010
31011
31021
31022
31037
31041
31043
31045
31048
31058
31059
31061
31063
31091
31093
31094
31096
31099
31101
31102
31105
31106
31109
31110
31112
31122
31129
31130
31134
31140
31142
31143
31144
31147
31162
31166
31168
31170
31175
31177
31186
31187
31194
31200
31201
31203
31205
31214
31227
31236
31239
31247
31249
31252
31255
31272
31280
31292
31294
31301
31317
31328
31331
31348
31366
31370
31381
31384
31386
31392
31402
31405
31418
31424
31427
31430
31442
31453
31454
31457
31459
31460
31465
31466
31468
31469
31475
31477
31483
31488
31494
31502
31507
31509
31511
31512
31519
31526
31530
31532
31534
31542
31548
31549
31551
31560
31564
31567
31570
31571
31579
31586
31587
31589
31590
31592
31600
31603
31607
31611
31614
31615
31616
31620
31621
31622
31624
31625
31626
31628
31629
31630
31642
31653
31656
31657
31666
31667
31673
31674
31676
31677
31687
31693
31697
31700
31704
31705
31722
31723
31728
31738
31741
31743
31746
31751
31752
31755
31757
31760
31761
31763
31765
31772
31779
31782
31784
31786
31791
31802
31803
31804
31805
31807
31811
31813
31814
31820
31823
31826
31843
31844
31845
31846
31848
31850
31851
31853
31879
31881
31887
31888
31942
31954
31982
32014
32018
32042
32046
32074
32078
32086
32090
32098
32106
32130
32146
32193
32194
32219
32233
32244
32245
32247
32254
32267
32271
32280
32285
32286
32287
32294
32295
32298
32303
32315
32316
32321
32322
32332
32334
32345
32347
32348
32351
32352
32355
32356
32364
32365
32366
32371
32372
32378
32380
32381
32382
32383
32395
32396
32413
32414
32419
32450
32451
32452
32456
32459
32469
32483
32502
32524
32525
32526
32528
32530
32541
32545
32546
32547
32557
32558
32561
32563
32564
32571
32574
32592
32601
32607
32608
32610
32615
32625
32638
32639
32640
32641
32654
32657
32674
32675
32677
32688
32715
32736
32741
32749
32775
32792
32796
32804
32809
32819
32822
32843
32846
32851
32852
32855
32858
32860
32861
32864
32872
32875
32876
32878
32879
32884
32886
32889
32893
32894
32895
32897
32898
32899
32901
32908
32909
32919
32930
32935
32936
32937
32938
32939
32940
32941
32946
32962
32978
32984
33002
33037
33038
33047
33048
33067
33068
33073
33081
33111
33114
33133
33137
33138
33151
33152
33155
33159
33161
33175
33185
33186
33187
33195
33200
33214
33225
33232
33233
33240
33242
33243
33254
33274
33275
33279
33296
33301
33317
33321
33324
33326
33382
33420
33423
33424
33425
33428
33429
33435
33439
33444
33445
33446
33447
33449
33464
33466
33467
33476
33483
33487
33493
33499
33500
33528
33531
33532
33533
33550
33557
33573
33587
33595
33596
33597
33598
33599
33601
33603
33610
33614
33621
33631
33635
33637
33638
33640
33641
33643
33647
33652
33657
33660
33664
33668
33691
33693
33694
33696
33697
33698
33700
33702
33703
33706
33718
33719
33720
33721
33722
33723
33724
33725
33728
33731
33733
33734
33743
33749
33750
33751
33756
33758
33759
33760
33763
33766
33767
33779
33780
33781
33810
33816
33823
33824
33825
33850
33852
33855
33859
33861
33868
33869
33913
33931
33951
33955
33958
33962
33971
33980
33989
33996
33997
33998
34010
34015
34016
34023
34025
34029
34030
34034
34038
34039
34048
34051
34053
34054
34055
34065
34066
34067
34068
34074
34076
34077
34078
34079
34082
34099
34101
34102
34103
34105
34118
34119
34133
34135
34136
34140
34158
34160
34161
34163
34164
34170
34171
34183
34184
34193
34220
34221
34236
34240
34241
34242
34243
34258
34259
34266
34270
34278
34287
34296
34300
34307
34322
34326
34327
34328
34330
34337
34342
34346
34361
34376
34400
34410
34411
34412
34414
34417
34418
34429
34436
34443
34445
34447
34448
34449
34459
34466
34467
34468
34469
34478
34480
34496
34526
34527
34528
34544
34560
34562
34566
34570
34577
34578
34580
34584
34587
34590
34591
34593
34600
34601
34604
34609
34610
34613
34615
34616
34621
34624
34636
34641
34648
34682
34683
34709
34735
34746
34765
34766
34770
34805
34816
34825
34834
34854
34864
34873
34882
34883
34910
34915
34916
34918
34919
34920
34929
34940
34942
34945
34946
34954
34955
34956
34961
34962
34963
34965
35004
35005
35006
35007
35008
35009
35013
35014
35018
35019
35035
35038
35053
35054
35055
35056
35059
35062
35063
35065
35077
35082
35089
35090
35091
35099
35100
35102
35103
35104
35105
35112
35120
35121
35122
35132
35133
35134
35135
35136
35137
35152
35153
35154
35158
35160
35168
35182
35189
35207
35210
35211
35222
35223
35245
35254
35255
35264
35265
35266
35267
35268
35270
35279
35280
35287
35288
35289
35290
35306
35307
35308
35313
35320
35321
35322
35327
35345
35354
35367
35369
35373
35374
35375
35376
35377
35378
35391
35394
35395
35396
35398
35399
35401
35402
35403
35405
35411
35416
35419
35422
35423
35429
35430
35441
35447
35451
35452
35458
35477
35481
35483
35489
35490
35494
35497
35530
35539
35541
35543
35544
35552
35583
35591
35600
35601
35602
35603
35604
35605
35611
35612
35613
35614
35617
35620
35621
35622
35623
35627
35630
35632
35638
35639
35640
35642
35647
35648
35649
35653
35664
35666
35674
35675
35684
35708
35709
35712
35714
35715
35716
35727
35728
35729
35730
35731
35732
35733
35737
35743
35746
35747
35749
35761
35762
35768
35776
35777
35778
35779
35780
35783
35784
35789
35794
35795
35796
35808
35814
35824
35829
35830
35831
35832
35834
35835
35836
35837
35850
35852
35854
35855
35856
35858
35859
35868
35874
35880
35882
35889
35890
35891
35894
35907
35908
35909
35922
35923
35948
35955
35957
35958
35967
35978
35982
35993
36003
36014
36023
36024
36025
36028
36044
36046
36048
36049
36050
36051
36052
36061
36083
36089
36093
36095
36114
36139
36140
36153
36157
36175
36180
36190
36191
36193
36202
36203
36204
36205
36206
36211
36213
36235
36236
36237
36260
36261
36262
36263
36264
36273
36274
36275
36276
36278
36288
36293
36295
36298
36299
36300
36301
36309
36327
36328
36330
36333
36335
36336
36344
36348
36349
36356
36383
36384
36394
36395
36399
36404
36409
36410
36416
36418
36419
36444
36462
36463
36464
36465
36471
36472
36473
36474
36475
36477
36481
36482
36494
36495
36496
36506
36512
36515
36519
36525
36530
36535
36536
36537
36550
36555
36556
36557
36558
36559
36565
36569
36570
36571
36572
36573
36577
36598
36599
36600
36606
36607
36609
36615
36616
36619
36631
36632
36637
36641
36642
36643
36649
36660
36677
36678
36679
36680
36688
36691
36700
36701
36704
36705
36709
36711
36712
36713
36716
36717
36718
36719
36720
36726
36727
36728
36732
36734
36735
36742
36748
36754
36755
36756
36757
36758
36759
36767
36768
36769
36770
36775
36776
36778
36779
36780
36781
36782
36783
36786
36787
36788
36789
36790
36795
36799
36808
36818
36819
36820
36823
36824
36826
36828
36836
36844
36846
36847
36850
36851
36853
36857
36860
36863
36868
36870
36872
36877
36880
36882
36884
36885
36896
36897
36898
36902
36903
36906
36910
36911
36915
36918
36929
36934
36945
36948
36949
36950
36952
36958
36963
36964
36965
36970
36973
36975
36977
36979
36980
36983
36985
36987
36988
36989
36991
36995
37013
37015
37018
37019
37021
37023
37032
37033
37034
37035
37036
37037
37038
37043
37054
37061
37062
37063
37074
37075
37076
37079
37080
37081
37082
37083
37084
37085
37090
37101
37102
37105
37106
37109
37110
37111
37114
37126
37130
37134
37135
37146
37147
37148
37153
37157
37159
37164
37168
37180
37182
37187
37188
37200
37212
37213
37214
37230
37231
37234
37239
37247
37253
37254
37258
37268
37273
37275
37282
37283
37284
37290
37292
37293
37304
37305
37309
37310
37318
37325
37327
37332
37338
37350
37352
37354
37355
37356
37364
37376
37382
37386
37388
37392
37393
37394
37396
37407
37412
37414
37420
37425
37426
37429
37445
37449
37453
37460
37461
37473
37476
37480
37486
37488
37490
37493
37495
37501
37502
37510
37512
37517
37520
37527
37534
37537
37541
37543
37547
37548
37549
37552
37556
37559
37560
37562
37576
37587
37588
37592
37593
37594
37596
37601
37605
37607
37610
37614
37617
37619
37623
37630
37633
37640
37646
37658
37664
37671
37672
37673
37674
37675
37676
37677
37680
37694
37713
37733
37740
37751
37752
37756
37773
37775
37780
37786
37787
37790
37793
37797
37798
37799
37802
37803
37807
37808
37811
37812
37813
37814
37819
37824
37825
37826
37827
37840
37841
37844
37848
37851
37855
37856
37861
37862
37863
37872
37895
37896
37908
37909
37924
37925
37938
37946
37949
37966
37971
37980
38001
38015
38022
38027
38034
38035
38038
38057
38065
38075
38076
38077
38079
38081
38092
38094
38100
38107
38110
38125
38135
38160
38174
38181
38187
38188
38198
38209
38212
38239
38248
38265
38271
38282
38284
38285
38288
38329
38333
38339
38342
38343
38357
38368
38374
38386
38389
38392
38393
38398
38403
38407
38412
38418
38422
38429
38441
38447
38453
38461
38462
38463
38465
38467
38469
38474
38491
38493
38496
38498
38507
38511
38513
38514
38516
38526
38527
38529
38537
38538
38539
38545
38551
38558
38576
38585
38590
38594
38596
38598
38624
38625
38632
38635
38643
38645
38646
38647
38661
38662
38664
38673
38674
38676
38681
38687
38688
38697
38705
38706
38707
38708
38711
38717
38722
38723
38736
38738
38739
38744
38745
38747
38748
38754
38757
38763
38768
38770
38771
38773
38779
38780
38782
38791
38805
38806
38812
38821
38822
38824
38827
38829
38832
38834
38835
38848
38857
38862
38867
38868
38870
38874
38883
38900
38908
38909
38910
38915
38917
38920
38923
38924
38925
38927
38928
38929
38931
38932
38936
38937
38946
38949
38952
38953
38954
38957
38960
38961
38967
38968
38969
38971
38972
38979
38981
38986
38987
38993
38995
39009
39018
39025
39029
39041
39048
39051
39053
39054
39056
39057
39059
39060
39061
39063
39065
39068
39069
39070
39077
39078
39089
39097
39102
39103
39104
39107
39108
39111
39112
39114
39122
39124
39127
39136
39142
39156
39157
39158
39159
39160
39170
39171
39175
39181
39182
39184
39189
39190
39197
39198
39199
39201
39202
39203
39204
39215
39225
39231
39246
39248
39250
39251
39255
39265
39266
39269
39271
39273
39276
39277
39278
39280
39286
39290
39291
39294
39295
39301
39307
39309
39310
39311
39312
39316
39317
39318
39319
39321
39323
39325
39333
39337
39338
39342
39344
39351
39354
39358
39359
39363
39365
39371
39377
39378
39386
39391
39399
39402
39405
39406
39411
39417
39426
39427
39434
39435
39436
39442
39448
39453
39457
39472
39476
39477
39481
39482
39483
39487
39490
39500
39502
39503
39505
39508
39510
39524
39525
39526
39527
39530
39533
39534
39535
39538
39539
39540
39541
39542
39544
39546
39548
39550
39552
39553
39554
39555
39556
39557
39559
39563
39564
39571
39575
39577
39578
39589
39592
39595
39596
39618
39620
39621
39624
39627
39632
39633
39636
39642
39648
39651
39656
39665
39676
39677
39680
39683
39684
39685
39687
39703
39712
39724
39726
39728
39734
39738
39740
39749
39751
39753
39755
39756
39774
39782
39783
39784
39785
39786
39787
39791
39800
39801
39804
39805
39806
39810
39811
39813
39815
39818
39819
39820
39821
39822
39823
39830
39831
39835
39838
39839
39850
39860
39863
39867
39868
39869
39872
39874
39875
39877
39879
39882
39886
39887
39895
39899
39901
39907
39910
39912
39914
39931
39935
39937
39938
39941
39942
39945
39951
39954
39959
39960
39961
39962
39963
39981
39992
39994
40015
40016
40024
40092
40108
40116
40236
40237
40261
40285
40292
40305
40306
40307
40323
40336
40340
40383
40399
40414
40428
40470
40475
40492
40494
40499
40532
40534
40536
40552
40560
40605
40610
40614
40645
40658
40660
40672
40702
40703
40723
40741
40758
40781
40783
40784
40829
40833
40849
40856
41050
41051
41053
41059
41083
41111
41118
41127
41132
41176
41225
41227
41234
41270
41293
41300
41309
41328
41350
41366
41374
41411
41416
41420
41426
41448
41468
41507
41522
41538
41539
41615
41622
41640
41684
41686
41688
41716
41768
41797
41818
41835
41878
41884
41901
41937
41948
60796
60797
60798
60800
60801
60804
60814
60817
60821
60822
60832
60840
60844
60848
60860
60874
60875
60883
60886
60887
60888
60894
60899
60900
60901
60902
60904
60905
60907
60911
60913
60923
60931
60933
60935
60939
60942
60944
60950
60951
60955
60958
60969
60979
60982
60994
60996
61028
61029
61030
61034
61038
61039
61046
61048
61052
61058
61059
61060
61061
61077
61078
61081
61083
61084
61087
61088
61093
61100
61102
61103
61104
61105
61109
61111
61122
61127
61132
61140
61142
61143
61149
61151
61153
61155
61159
61160
61168
61171
61179
61180
61181
61187
61192
61214
61247
61248
61257
61260
61262
61269
61285
61292
61319
61321
61325
61326
61327
61335
61337
61339
61340
61349
61350
61352
61355
61356
61359
61365
61366
61367
61370
61372
61373
61378
61385
61386
61396
61398
61399
61401
61402
61404
61405
61407
61409
61410
61413
61414
61416
61418
61420
61424
61425
61427
61428
61430
61435
61437
61438
61439
61441
61443
61445
61448
61464
61469
61470
61473
61479
61482
61483
61489
61490
61494
61496
61498
61500
61501
61503
61507
61508
61510
61513
61514
61517
61519
61523
61530
61532
61534
61536
61541
61548
61552
61553
61556
61557
61560
61561
61562
61563
61566
61567
61569
61570
61572
61574
61575
61576
61581
61583
61584
61587
61591
61592
61595
61596
61597
61599
61600
61601
61605
61606
61616
61623
61627
61635
61639
61640
61641
61642
61655
61656
61664
61671
61676
61685
61694
61695
61700
61701
61703
61706
61708
61709
61711
61721
61723
61724
61725
61726
61727
61730
61731
61732
61735
61736
61737
61738
61745
61746
61750
61751
61752
61756
61759
61760
61761
61762
61763
61766
61774
61775
61781
61795
61807
61811
61821
61836
61839
61854
61859
61862
61868
61870
61871
61873
61877
61899
61900
61902
61903
61918
61921
61923
61925
61948
61952
61960
61971
61984
61996
62005
62012
62016
62017
62035
62036
62055
62057
62064
62065
62066
62068
62072
62078
62079
62088
62090
62107
62110
62152
62165
62168
62169
62192
62200
62204
62213
62217
62221
62225
62229
62230
62236
62237
62241
62257
62261
62262
62263
62266
62284
62285
62294
62297
62300
62302
62313
62314
62317
62320
62321
62330
62336
62337
62338
62339
62344
62351
62352
62362
62366
62372
62377
62378
62380
62382
62388
62390
62391
62395
62396
62397
62398
62399
62400
62404
62406
62433
62439
62441
62442
62444
62450
62453
62456
62460
62473
62475
62478
62479
62486
62489
62491
62492
62494
62498
62501
62505
62511
62513
62515
62516
62519
62523
62524
62525
62526
62535
62549
62550
62553
62559
62564
62571
62572
62574
62581
62585
62590
62592
62593
62599
62601
62602
62617
62618
62626
62631
62632
62633
62634
62640
62650
62652
62656
62658
62665
62666
62667
62669
62673
62688
62690
62691
62697
62700
62709
62712
62723
62728
62730
62732
62733
62735
62736
62738
62745
62747
62752
62753
62756
62768
62784
62804
62811
62814
62819
62821
62823
62826
62828
62830
62831
62833
62834
62838
62840
62842
62846
62850
62856
62859
62864
62865
62868
62880
62885
62889
62897
62908
62909
62911
62912
62913
62915
62921
62922
62925
62928
62929
62932
62943
62948
62949
62956
62957
62965
62966
62967
62975
62977
62982
62984
62990
62998
63000
63003
63004
63005
63006
63013
63020
63021
63030
63038
63040
63051
63052
63053
63054
63055
63066
63070
63073
63077
63078
63080
63084
63090
63099
63100
63102
63110
63111
63112
63123
63124
63125
63131
63139
63140
63154
63157
63158
63161
63170
63172
63180
63182
63185
63186
63194
63196
63199
63201
63205
63227
63229
63246
63252
63269
63278
63281
63287
63289
63290
63291
63293
63324
63329
63336
63338
63381
63385
63388
63396
63405
63417
63424
63442
63446
63447
63452
63454
63456
63460
63463
63466
63468
63474
63481
63489
63490
63498
63499
63500
63503
63504
63506
63509
63520
63527
63531
63535
63559
63562
63572
63589
63594
63596
63600
63602
63603
63606
63607
63608
63617
63619
63620
63621
63624
63627
63640
63641
63643
63644
63649
63650
63651
63652
63653
63657
63659
63662
63663
63667
63678
63679
63689
63694
63698
63700
63701
63707
63708
63711
63724
63739
63742
63744
63754
63758
63760
63761
63762
63763
63764
63766
63768
63769
63770
63771
63772
63775
63789
63790
63791
63796
63797
63800
63801
63803
63804
63805
63812
63822
63835
63836
63843
63847
63848
63855
63857
63863
63865
63866
63868
63869
63871
63873
63876
63878
63881
63885
63886
63892
63895
63897
63904
63905
63906
63913
63914
63919
63922
63923
63924
63927
63930
63934
63938
63941
63942
63952
63953
63956
63959
63968
63970
63971
63976
63980
63981
63984
63985
63986
63987
63996
64002
64003
64004
64005
64007
64010
64016
64024
64027
64028
64029
64030
64036
64047
64048
64049
64055
64057
64061
64063
64066
64088
64089
64096
64099
64102
64110
64117
64119
64121
64127
64128
64132
64135
64136
64139
64145
64146
64148
64154
64156
64160
64161
64162
64163
64165
64166
64168
64173
64175
64178
64181
64183
64184
64186
64198
64223
64254
64263
64271
64275
64278
64281
64282
64299
64302
64309
64313
64319
64320
64321
64327
64334
64340
64341
64344
64345
64346
64348
64353
64355
64356
64357
64360
64365
64366
64373
64375
64383
64386
64387
64389
64392
64397
64402
64404
64408
64410
64412
64415
64418
64420
64423
64425
64430
64439
64462
64480
64486
64488
64497
64510
64513
64514
64515
64516
64523
64528
64539
64542
64544
64549
64563
64568
64577
64583
64595
64602
64603
64606
64611
64612
64626
64630
64631
64637
64639
64640
64645
64647
64648
64657
64658
64668
64669
64680
64685
64690
64694
64701
64705
64708
64711
64717
64727
64741
64745
64767
64768
64772
64775
64776
64779
64789
64791
64796
64822
64831
64833
64835
64839
64848
64850
64851
64853
64857
64863
64876
64884
64888
64891
64893
64896
64899
64901
64914
64915
64917
64924
64927
64929
64931
64936
64939
64942
64950
64955
64961
64965
64966
64967
64981
64989
64994
64996
64997
64999
65006
65009
65011
65013
65014
65020
65021
65023
65026
65028
65031
65035
65036
65042
65045
65056
65072
65074
65088
65105
65128
65134
65141
65142
65144
65145
65149
65153
65155
65163
65167
65169
65175
65177
65179
65183
65184
65185
65189
65195
65202
65215
65217
65218
65220
65222
65226
65236
65237
65243
65244
65248
65252
65264
65270
65275
65278
65284
65286
65287
65292
65295
65296
65304
65310
65313
65317
65320
65337
65343
65344
65350
65368
65374
65376
65380
65399
65406
65413
65417
65420
65421
65428
65430
65434
65440
65448
65459
65460
65463
65466
65469
65474
65488
65491
65494
65500
65502
65503
65519
65527
65540
65549
65550
65552
65553
65554
65564
65569
65570
65575
65578
65586
65587
65590
65604
65605
65607
65609
65622
65630
65633
65643
65653
65654
65655
65658
65662
65665
65667
65671
65675
65676
65681
65683
65697
65701
65702
65705
65706
65716
65718
65732
65735
65738
65739
65748
65749
65755
65764
65765
65766
65771
65772
65774
65788
65791
65794
65803
65814
65827
65831
65841
65844
65850
65852
65866
65870
65872
65880
65882
65887
65894
65896
65899
65904
65905
65908
65910
65913
65915
65920
65921
65923
65928
65936
65944
65948
65949
65962
65967
65973
65986
65988
66004
66013
66016
66021
66027
66032
66034
66036
66042
66050
66053
66056
66059
66063
66065
66070
66111
66198
66246
66261
66265
66268
66278
66290
66293
66300
66301
66325
66326
66366
66367
66368
66371
66374
66379
66381
66386
66391
66393
66403
66404
66416
66423
66425
66426
66435
66438
66441
66443
66446
66447
66451
66455
66465
66468
66477
66496
66507
66519
66529
66530
66531
66546
66582
66586
66590
66602
66616
66625
66629
66630
66631
66646
66655
66656
66657
66658
66662
66667
66684
66686
66691
66696
66697
66698
66708
66716
66723
66728
66798
66871
66921
66927
66929
100011
100049
100075
100114
100172
100243
100338
100423
100465
100477
100528
100572
100598
100599
100644
100709
100712
100718
100781
100873
101204
101256
101276
101289
101310
101317
101352
101397
101559
101648
101689
101885
101936
101973
102045
102254
102341
102534
102696
103123
103149
103307
103341
103487
104432
104598
105089
105394
105456
105574
105661
105811
105861
105892
105936
106003
106100
106112
106126
106158
106203
106233
106305
106486
106519
106900
106965
107032
107033
107098
107130
107154
107245
107333
107350
107393
107446
107637
107670
107691
107706
107710
107712
107755
107781
107830
107843
107898
108265
108326
108453
108482
108631
108695
108718
108740
108768
108778
108803
108831
109043
109079
109082
109084
109185
109186
109258
109301
109423
109580
109600
109762
109823
109826
109919
109925
109929
110039
110061
110104
110160
110326
110387
110480
110533
110535
110536
110560
110566
110576
110620
110679
110685
110721
110732
110760
110773
110801
110802
110804
110960
111000
111020
111025
111059
111064
111103
111168
111169
111202
111287
111486
111488
111490
111493
111530
111532
111534
111579
111581
111591
111629
111671
111673
111719
111723
111732
111839
111864
111869
111873
111880
111941
111965
111968
111970
111974
112001
112004
112030
112033
112034
112042
112092
112111
112158
112168
112178
112184
112185
112413
112473
112549
112552
112624
112625
112694
112718
112720
112752
112754
112759
112774
112775
112819
112874
112876
112880
112881
112888
112968
112971
113026
113028
113033
113036
113140
113225
113269
113270
113272
113361
113362
113364
113419
113439
113460
113491
113498
113609
113646
114203
114370
114415
114418
114421
114484
114524
114698
114748
114777
114920
114958
115044
115245
115317
115404
115554
115750
115757
115872
115897
116029
116166
116245
116393
116395
116431
116503
116504
116505
116526
116597
116606
116609
116770
116787
116829
116857
117003
117036
117116
117142
117263
117298
117358
117359
117701
117768
117829
117841
117861
117862
117902
117904
117905
118003
118081
118084
118122
118167
118223
118228
118267
118284
118304
118307
118321
118444
118445
118446
118502
118528
118577
118579
118634
118653
118733
118734
118738
118873
118875
118941
119016
119034
119081
119095
119173
119174
119214
119216
119217
119256
119275
119314
119316
119417
119493
119574
119595
119653
119753
119773
119836
119893
119956
119993
120048
120093
120134
120156
120175
120178
120215
120218
120274
120295
120296
120297
120301
120302
120313
120334
120357
120358
120359
120435
120444
120455
120458
120513
120518
120557
120595
120634
120714
120716
120720
120773
120774
120816
120818
120822
120824
120835
120839
120845
120860
120877
121053
121077
121080
121139
121142
121153
121194
121257
121374
121377
121436
121437
121440
121453
121481
121493
121561
121613
121615
121656
121662
121693
121718
121720
121722
121742
121755
121759
121760
121761
121793
121817
121834
121842
121938
121957
122060
122061
122077
122078
122094
122099
122149
122156
122159
122163
122171
122172
122173
122175
122211
122255
122257
122277
122297
122317
122354
122355
122358
122360
122378
122380
122394
122396
122436
122447
122517
122519
122534
122656
122674
122675
122676
122677
122680
122734
122741
122777
122778
122835
122838
122841
122894
122902
122915
122916
122919
122921
123014
123016
123017
123019
123080
123094
123100
123137
123455
123500
123694
123937
123994
123995
124015
124034
124035
124036
124038
124049
124050
124051
124174
124177
124196
124198
124199
124254
124314
124319
124320
124321
124322
124326
124359
124360
124361
124377
124394
124435
124440
124441
124442
124599
124617
124636
124638
124677
124678
124679
124683
124775
124975
124995
125000
125014
125074
125237
125239
125240
125274
125275
125277
125357
125358
125378
125474
125524
125525
125529
125531
125533
125583
125595
125596
125599
125601
125604
125654
125794
125795
125975
126005
126010
126020
126036
126046
126056
126122
126136
126137
126295
126296
126297
126298
126318
126320
126322
126414
126417
126420
126423
126424
126454
126461
126495
126497
126554
126555
126597
126599
126600
126601
126615
126616
126620
126621
126623
126694
126715
126716
126717
126718
126720
126721
126722
126734
126773
126814
126836
127075
127094
127175
127179
127234
127275
127279
127282
127354
127376
127378
127383
127384
127399
127414
127436
127438
127455
127480
127481
127534
127535
127541
127574
127575
127644
128541
128560
128600
128620
128663
128698
128740
128759
128978
129083
129085
129138
129418
129419
129441
129442
129466
129467
129469
129471
129518
129519
129624
129628
129629
129632
129635
129823
129839
129840
129849
129850
129851
130040
130041
130043
130049
130200
130305
130398
130421
130498
130525
130618
130762
130766
131423
131425
132361
132369
132405
132406
132482
132502
132503
132504
132518
132524
132525
132598
132599
132605
132641
132700
132702
132758
132800
132980
133047
133050
133104
133164
133170
133184
133186
133205
133245
133246
133284
133288
133325
133328
133346
133364
133366
133367
133369
133424
133430
133432
133444
133468
133469
133504
133524
133525
133547
133564
133724
133726
133729
133731
133766
133767
133769
133784
133786
133804
133824
133825
133867
133868
133869
133871
133885
133886
133905
133944
133945
133985
133987
134026
134031
134044
134084
134124
134125
134144
134164
134305
134308
134344
134364
134384
134404
134424
134447
134451
134452
134584
134604
134605
134625
134644
134645
134664
134685
134704
134744
134764
134765
134784
134804
134845
134869
134932
134964
134965
134984
135004
135024
135044
135064
135165
135484
135669
135686
135708
135805
135844
135865
135914
135945
135965
135966
135969
135986
135990
136009
136186
136264
136267
136645
136648
136684
136725
136804
136824
136847
137066
137067
137090
137110
137130
137131
137137
137252
137292
137310
137371
137373
137374
137377
137394
137410
137432
137433
137435
137441
137470
137534
137573
137602
137609
137611
137612
137641
137642
137704
137861
137864
137874
137881
137883
137943
138000
138002
138003
138004
138121
138122
138123
138125
138126
138127
138129
138131
138181
138202
138203
138205
138321
138341
138343
138345
138346
138402
138404
138441
138466
138467
138469
138470
138483
138486
138487
138490
138501
138521
138602
138603
138607
138608
138610
138611
138613
138662
138703
138707
138741
138744
138747
138781
138843
138861
138901
138943
138961
139244
139665
139749
139804
140023
140024
140027
140030
140033
140042
140044
140045
140049
140050
140061
140062
140065
140067
140073
140169
140172
140194
140261
140363
140441
140445
140447
140541
140568
140676
140679
140736
140757
140759
140760
140761
140796
140798
140800
140821
140837
140876
140897
140898
140899
140900
140901
140902
140903
140905
140906
140907
140910
140976
140977
140978
140979
140980
140982
140988
140998
140999
141001
141007
141044
141057
141076
141098
141178
141197
141236
141241
141243
141276
141277
141278
141279
141280
141321
141356
141357
141359
141361
141362
141363
141364
141365
141378
141380
141381
141382
141383
141384
141385
141386
141387
141388
141389
141390
141400
141456
141457
141458
141459
141460
141461
141462
141463
141464
141468
141469
141496
141641
141720
141840
141841
141842
141843
141845
141846
141847
141849
141850
141861
141887
141913
141957
141984
142096
142106
142107
142230
142248
142260
142337
142382
142385
142391
142445
142459
142460
142461
142464
142540
142546
142568
142606
142643
142714
142748
142809
142810
142811
142812
142813
142814
142945
142952
142953
142955
142956
143176
143277
143318
143336
143357
143421
143444
143461
143526
143527
143604
143605
143640
143667
143668
143669
143710
143754
143770
143892
143909
143912
143989
144066
144076
144097
144115
144119
144134
144135
144137
144139
144183
144235
144375
144382
144395
144396
144397
144435
144436
144437
144520
144559
144640
144645
144795
144808
144809
144821
144988
144989
144990
144998
145041
145042
145043
145049
145080
145081
145083
145161
145186
145228
145308
145407
145416
145431
145471
145512
145513
145518
145657
145702
145729
145809
145812
145831
145854
145911
145933
145977
145979
146017
146036
146071
146156
146171
146191
146311
146451
146500
146613
146616
146617
146619
146620
146648
146659
146668
146735
146736
146738
146778
147175
147183
147200
147202
147204
147208
147242
147302
147304
147305
147306
147340
147391
147398
147449
147451
147452
147454
147579
147599
147637
147638
147644
147657
147658
147660
147708
147750
147811
147817
147848
147849
147850
147852
147868
147885
147898
147988
147990
148029
148069
148130
148169
148170
148217
148219
148221
148223
148239
148281
148313
148349
148350
148356
148390
148391
148394
148396
148410
148412
148470
148472
148476
148531
148650
148652
148756
148769
148770
148772
148870
148930
148950
148970
149010
149065
149092
149093
149177
149257
149268
149318
149437
149617
149683
149721
150049
150139
150180
150181
150201
150221
150222
150257
150259
150260
150277
150278
150284
150481
150562
150681
150699
150761
150764
150838
150937
151016
151077
151161
151423
151630
151708
151750
151772
151829
151928
151932
151933
151948
152008
152012
152109
152248
152708
152790
152809
152848
153028
153128
153351
153668
153728
153793
153957
154039
154055
154254
154357
154433
154434
154439
154605
154754
154758
154773
154910
155133
155280
155387
155393
155394
155395
155616
155618
155735
155737
155753
155794
155795
155894
155913
155934
155935
156125
156133
156153
156155
156178
156292
156293
156415
156578
156599
156613
156614
156615
156617
156619
156633
156676
156857
156859
156860
156861
157020
157074
157080
157117
157118
157153
157195
157218
157354
157355
157373
157413
157414
157415
157433
157494
157633
157635
157735
157755
157855
157860
157862
157865
157875
157921
157954
157959
158055
158233
158235
158353
158473
158563
158717
158734
158736
158737
158740
158743
158745
158746
158791
159125
160175
160182
160183
160196
160202
160203
160204
160205
160206
160211
160213
160216
160231
160232
160237
160250
160253
160255
160256
160257
160260
160261
160272
160281
160282
160283
160290
160329
160331
160336
160337
160338
160339
160340
160341
160342
160343
160364
160365
160373
160374
160375
160376
160414
160415
160447
160448
160474
160488
160498
160499
160504
160505
160549
160555
160570
160572
160578
160580
160583
160586
160597
160598
160600
160607
160621
160628
160629
160631
160632
160633
160661
160668
160669
160670
160681
160684
160739
160740
160742
160770
160779
160785
160797
160806
160809
160810
160855
160856
160867
160869
160888
160890
160893
160902
160912
160913
160932
160933
160934
160950
160975
160988
160997
161012
161016
161036
161037
161039
161055
161056
161057
161073
161074
161075
161088
161110
161111
161112
161120
161797
161799
161813
161814
161843
161844
161854
161857
161877
161908
161926
161965
161993
161994
161997
162006
162012
162028
162076
162077
162106
162122
162127
162129
162146
162198
162233
162240
162254
162264
162272
162283
162329
162335
162336
162338
162346
162355
162356
162369
162384
162385
162387
162400
162401
162402
162404
162408
162437
162449
162453
162459
162497
162501
162517
162556
162566
162574
162585
162643
162720
162733
162735
162742
162757
162768
162769
162770
162809
162814
162833
162838
162870
162876
162887
162892
162894
162897
162906
162907
162914
162948
162957
162958
162988
163020
163036
163051
163058
163060
163087
163102
163113
163118
163121
163594
163595
163596
163601
163627
163628
163629
163668
163672
163678
163679
163685
163692
163720
163721
163765
163771
163772
163806
163850
163876
163877
163878
163879
163888
163889
163890
163891
163892
163893
163894
163916
163921
163922
163923
163927
163928
163929
163930
163931
163935
163939
163941
163945
163946
163948
163965
163976
163977
163979
163980
163983
163987
163988
164001
164002
164046
164075
164086
164099
164116
164146
164211
164255
164266
164275
164282
164283
164284
164293
164296
164362
164363
164369
164408
164411
164416
164422
164432
164433
164443
164471
164494
164506
164510
164532
164533
164534
164543
164557
164565
164571
164579
164581
164582
164585
164592
164605
164609
164611
164612
164624
164652
164660
164664
164665
164666
164668
164680
164702
164704
164746
164755
164756
164759
165051
165052
165053
165075
165076
165077
165095
165123
165124
165179
165215
165244
165252
165261
165262
165266
165358
165359
165394
165395
165396
165457
165462
165464
165466
165510
165534
165555
165557
165563
165637
165640
165649
165650
165652
165675
165678
165679
165691
165698
165699
165702
165742
165743
165745
165746
165750
165779
165798
165816
165843
165844
165845
165846
165847
165856
165867
165868
165911
165913
165914
165923
165924
165927
165968
165979
165993
166028
166051
166061
166087
166142
166208
166211
166212
166213
166218
166220
166224
166230
166265
166357
166363
166365
166366
166368
166385
166402
166411
166430
166435
166447
166449
166450
166459
166460
166481
166482
166491
166554
166555
166562
166563
166569
166570
166576
166583
166584
166586
166590
166591
166592
166593
166624
166639
166689
166706
166789
170297
170322
170327
170335
170353
170359
170360
170361
170376
170384
170418
170420
170430
170444
170445
170450
170458
170496
170520
170527
170535
170555
170613
170614
170615
170616
170617
170627
170639
170648
170649
170655
170658
170713
170730
170748
170750
170756
170758
170759
170761
170762
170765
170826
170841
170875
170904
170920
170945
170959
170960
170961
170965
170969
171002
171007
171022
171045
171049
171059
171067
171078
171097
171098
171111
171141
171143
171155
171187
174049
174050
174077
174079
174108
174117
174118
174119
174130
174134
174135
174136
174147
174158
174160
174162
174169
174183
174222
174236
174265
174280
174282
174283
174309
174310
174316
174317
174322
174390
174391
174428
174454
174471
174507
174531
174541
174567
174579
174603
174625
174637
174638
174648
174663
174691
174700
174871
174876
174938
175004
175005
175007
175008
175055
175068
175079
175084
175085
175087
175110
175111
175112
175153
175157
175162
175163
175236
175264
175269
175271
175299
175308
175319
175342
175343
175346
175374
175375
175376
175395
175399
175403
175404
175424
175426
175442
175457
175476
175483
175490
175503
175510
175513
175522
175523
175533
175606
175612
175620
175644
175654
175660
175686
175689
175739
175741
175742
175835
175842
175865
175900
175903
175904
175908
175913
175948
175949
175955
175966
175978
175982
175983
175995
176017
176021
176022
176064
176068
176070
176092
176103
176135
176138
176143
176144
176152
176169
176199
176229
176235
176247
176248
176249
176251
176254
176255
176259
176260
176261
176273
176274
176275
176279
176282
176289
176291
176304
176305
176309
176343
176346
176349
176352
176354
176355
176360
176361
176362
176363
176378
176404
176408
176522
176523
176524
176556
176558
176565
176567
176572
176593
176594
176636
176658
176659
176660
176661
176663
176669
176670
176672
176674
176741
176760
176764
176768
176780
176781
176782
176833
176834
176840
176863
176867
176874
176899
176914
176920
176928
176939
176951
176964
176965
176974
176992
177005
177051
177058
177067
177099
177108
177109
177111
177112
177124
177125
177126
177127
177129
177176
177179
177182
177206
177224
177225
177227
177228
177256
177257
177258
177259
177260
177264
177267
177285
177286
177287
177313
177315
177340
177367
177405
177426
177429
177442
177446
177467
177475
177576
177630
177637
177650
177654
177674
177697
177699
177734
177738
177739
177740
177744
177764
177765
177780
177781
177800
177870
177871
177872
177880
177881
177883
177884
177924
177925
177930
177943
177945
177953
177966
177975
177981
177983
177985
178003
178011
178012
178015
178081
178083
178084
178096
178097
178106
178113
178118
178148
178153
178157
178201
178291
178310
178319
178369
178377
178403
178405
178444
178493
178494
178504
178505
178518
178531
178538
178547
178548
178552
178568
178569
178609
178632
178633
178662
178672
178674
178676
178697
178704
178706
178738
178752
178765
178767
178795
178796
178797
178800
178801
178803
178804
178805
178806
178828
178833
178835
178838
178839
178840
178846
178847
178849
178850
178851
178855
178863
178864
178866
178867
178868
178870
178874
178877
178878
178882
178892
178893
178899
178906
178907
178937
178943
178961
178971
178973
178975
178976
179017
179021
179022
179025
179026
179027
179028
179058
179060
179065
179066
179067
179081
179082
179084
179085
179086
179087
179094
179111
179127
179132
179185
179202
179216
179249
179252
179253
179254
179256
179257
179260
179281
179288
179299
179300
179302
179303
179305
179363
179378
179379
179380
179383
179412
179413
179414
179415
179416
179428
179434
179435
179436
179437
179438
179439
179441
179442
179447
179454
179459
179461
179470
179507
179518
179562
179577
179578
179579
179580
179581
179582
179583
179597
179598
179605
179621
179624
179648
179657
179666
179667
179668
179669
179671
179686
179690
179692
179700
179729
179730
179731
179737
179738
179739
179743
179744
179746
179771
179782
179784
179802
179803
179805
179816
179817
179818
179819
179831
179833
179834
179840
179841
179843
179925
179929
179957
179986
180016
180028
180029
180030
180042
180043
180044
180057
180082
180083
180108
180111
180112
180118
180146
180167
180177
180184
180227
180229
180231
180249
180256
180272
180279
180345
180362
180363
180402
180405
180413
180464
180466
180471
180473
180474
180483
180512
180543
180585
180608
180646
180650
180651
180657
180683
180690
180698
180711
180713
180759
180808
180822
180833
180866
180905
181099
181104
181269
181289
181290
181327
181617
181745
181746
181784
181903
181904
181931
181989
182012
182015
182023
182308
182309
182331
182350
182383
182387
182700
182826
182902
183041
183139
183144
183224
183257
183266
183269
183283
183305
183312
183322
183337
183352
183366
183377
183426
183444
183524
183547
183553
183554
183555
183565
183570
183581
183593
183602
183636
183640
183666
183669
183684
183696
183700
183704
183706
183725
183729
183736
183791
183799
183812
183850
183851
183860
183878
183889
183895
183896
183903
183904
183920
183941
183942
183945
183968
183974
183979
183981
183995
184002
184006
184018
184031
184035
184046
184049
184057
184058
184068
184077
184078
184101
184113
184114
184115
184133
184155
184157
184182
184208
184219
184225
184239
184256
184258
184259
184263
184308
184319
184321
184323
184345
184352
184360
184365
184392
184400
184416
184442
184453
184465
184470
184510
184511
184514
184526
184537
184542
184548
184551
184585
184592
184603
184604
184621
184639
184672
184673
184675
184676
184680
184684
184700
184702
184703
184717
184725
184726
184727
184740
184748
184766
184785
184786
184796
184797
184807
184867
184880
184884
184888
184957
184961
184973
184974
184981
184996
185004
185005
185009
185030
185054
185058
185087
185103
185112
185119
185121
185125
185128
185138
185154
185162
185166
185176
185179
185180
185193
185194
185195
185229
185245
185263
185276
185277
185289
185291
185307
185318
185319
185323
185334
185337
185340
185344
185346
185353
185355
185363
185372
185375
185380
185403
185410
185415
185419
185428
185476
185495
185513
185517
185524
185525
185531
185532
185575
185584
185587
185609
185620
185624
185646
185654
185658
185659
185664
185685
185689
185699
185703
185732
185733
185769
185770
185784
185826
185836
185837
185855
185857
185864
185881
185886
185894
185908
185912
185921
185928
185929
185943
185944
185945
185952
185980
186006
186013
186041
186045
186101
186106
186109
186112
186129
186130
186139
186155
186159
186169
186179
186180
186197
186206
186223
186275
186276
186278
186288
186310
186336
186342
186345
186354
186360
186386
186392
186437
186451
186452
186471
186473
186485
186495
186501
186520
186607
186608
186609
186610
186675
186683
186712
186714
186716
186717
186718
186720
186773
186774
186779
186785
186823
186832
186834
186836
186845
186846
186858
186876
186903
186904
186953
186955
186960
186961
186962
186974
186989
186995
186996
187034
187040
187074
187075
187082
187083
187118
187119
187122
187127
187128
187131
187165
187167
187205
187213
187222
187233
187235
187285
187320
187321
187332
187357
187363
187368
187375
187406
187413
187434
187450
187462
187490
187529
187550
187551
187566
187575
187576
187581
187588
187597
187607
187631
187632
187648
187650
187653
187686
187687
187692
187693
187696
187697
187698
187699
187700
187709
187714
187722
187724
187739
187740
187766
187773
187774
187775
187806
187810
187812
187813
187814
187833
187958
187959
187960
187961
187969
187970
188155
188156
188157
188255
188355
188457
188855
188856
188857
189462
189490
189491
189518
189544
189559
189560
189579
189594
189607
190355
190455
190572
190578
190579
190580
190590
190856
190959
191255
192255
192656
192657
192856
193755
194255
194655
194755
194955
194956
196159
196268
196269
196355
196855
197559
197956
198057
198058
199356
199456
199757
200480
200856
200976
201088
201140
201300
201336
201395
201706
201792
202663
203480
203573
203890
204203
204326
204440
204459
204867
205051
205692
205874
205942
206211
206243
206365
207257
208057
208059
208068
208297
208323
208625
209341
209382
210032
210418
210607
211009
211559
211790
211819
212340
212685
212782
212950
213288
213412
213437
217290
220211
220235
220474
220479
220507
220508
220546
220762
220940
221445
221545
221631
222111
222286
222357
222638
222639
222640
222641
222642
222643
222644
222645
222646
222647
222648
223007
223082
223098
225088
225476
230796
231016
232135
232623
232840
233038
233491
237269
237820
238157
240066
241159
241216
241335
241637
241801
241956
244641
245207
245397
245918
246010
247374
247881
248780
249158
249507
253355
253501
253523
253527
254096
254338
254381
258869
260043
260086
260408
260737
260773
260776
260892
260893
260919
263277
264031
264193
264265
264267
264270
264385
264386
264387
264388
264390
264391
264397
264398
264414
264416
264506
264509
264668
264671
264672
264708
264712
264713
266196
266314
266316
266317
266320
267054
267059
268208
269005
269010
270151
270281
270509
270705
271342
271357
271607
271710
271794
271987
272872
272961
273726
274165
274536
275264
275799
275862
276731
277323
277338
277487
277584
277812
278151
278153
278239
278246
279431
281420
282104
282608
282715
283006
283463
284353
284453
284699
284719
284745
285085
285135
285174
285536
285556
286017
286253
286396
287111
287252
287462
287562
287882
288586
289153
289319
289735
290341
290977
291758
291881
292043
292284
293754
293884
293919
294007
294524
295786
295917
296318
296677
296697
296810
296866
296885
297094
297434
297507
297510
298036
298092
300107
311524
312009
312066
312079
313966
314866
314917
315318
315629
315639
315887
316056
316747
317168
317260
317264
317427
317637
318005
318525
318815
319507
319917
320061
320806
321429
321467
321764
322154
322717
323308
323476
324138
324261
324684
324960
325211
325212
325576
325778
325942
326688
327451
327564
327832
328032
328795
329141
329579
330227
330826
331125
331856
332115
332967
338703
339950
339965
343180
345556
345699
345764
345920
345980
347007
347085
348892
349530
349972
349994
350681
351038
353444
